0.00
97.82260179648794
8.163112436999986
81.58922798310368
98.19054861389162
44.27240986419334
29.718791953089074
94.67139257445697
16.627290965713126
95.6462052989012
18.635455564736702
34.49016476337798
54.62287608905982
15.976523075817717
4.192390513174027
62.60616137867857
84.92107035013277
97.9400888602893
25.66621574107898
61.57667872666309
12.999313257749856
86.37816049116887
6.062037839609058
76.60692736580478
36.97411519873801
85.34873166844021
28.396840661082823
62.636290371798694
81.16417258052641
62.32502361468938
36.88303275522903
50.383010733106616
86.13346338952032
21.118740265152802
7.4086277288764375
78.21055508853794
27.35961171722674
40.38320462328224
75.77569042916258
58.87792358393613
1.118840553362932