0.00
34.518258535992416
42.852699646183645
50.7255357655265
39.96017986782412
27.49845022723134
53.553372846046116
34.555759231984105
77.97402279269903
83.83714797977117
32.19864656769037
20.621342662344784
19.016316820603123
79.91980866370535
62.630874608523904
85.52876389264293
87.60643452677424
34.62112868089211
47.20895764642576
64.11032141738036
50.35267747324
16.250327088446788
36.23875132333446
59.10618589051306
66.18403954367848
42.7370973858429
35.62532029069996
80.89706701352547
73.91887006265677
51.836412461859055
49.07304219439303
54.109759142106306
86.95615638022615
75.46011009291294
63.90394448671508
73.67518550880374
71.40049697505931
36.9286784044625
66.23885398776001
29.494181064489595
58.542946431570535
55.783623080897186
63.29901497023375
77.5333493176142
56.49833967465022
74.34038772127062
35.61912024189518
76.35835634285297
66.51155114261512
87.00437156729292
23.26578075093705
72.87757120589468
54.869750824171604