37
36.83926411869967
36.61303331115203
39.76777306659084
39.814216229805595
38.00802764466947
39.94858875060647
37.933652359880845
39.14813300403948
38.52539601900046
36.485174312820256
38.62548442929148
37.164468334807665
39.629955920125376
37.33388151006118
36.574300539499696
37.1491238973153
35.66918765840059
35.224681453200425
36.77448151832339
38.510423781383054
37.70225489578116
37.95122718910983
36.55746882875147
36.04052811833452
36.277509968039034
37.15815982934512
39.060492366013825
39.05854270114716
35.94062845417528